0
40 130
-1 -1 -1 1
SavePoint 2
63 284
520 380
Spike 4
332 364 0
484 332 1
478 264 2
550 264 3
GameObject 4
354 210 6 1 4 6
370 210 6 1 4 6
386 210 6 1 4 6
402 210 6 1 4 6
GameTerrain 16
1 15 300 4 1 0 0
1 15 380 8 1 0 0
1 15 396 12 2 0
1 15 428 14 1 0
1 300 300 18 2 0
1 300 396 18 2 0
5 290 210 1 1 0 6
5 306 210 2 1 0 7
5 338 210 1 1 0 8
5 290 226 1 1 0 3
5 306 226 2 1 0 4
5 338 226 1 1 0 5
5 290 242 1 1 0 0
5 306 242 2 1 0 1
5 338 242 1 1 0 2
2 446 200 4 1 1
FakeSpike 1
332 364 0 332 392 332 364 0 -5